00000000000001100001111000001011
00000000010001100010000000001011
00000000100001100010001000001011
00000000110001100010010000001011
11000011110001100001111010001011
11000100000001100010000010001011
11000100010001100010001010001011
11000100100001100010010010001011
11000011110001100001111100001011
00000000000000000000000000001001
00000000000000000000000000001001
00000000000000000000000000001001
00000000000000000000000000001001
00000000000000000000000000001001
00000000000000000000000000001001
00000000000000000000000000001001
00000000000000000000000000001001
00000000000000000000000000001001
00000000000000000000000000001001
00000000000000000000000000001001
00000000000000000000000000001001
00000000000000000000000000001001
00000000000000000000000000001001
00000000000000000000000000001001
00000000000000000000000000001001
00000000000000000000000000001001
00000000000000000000000000001001
00000000000000000000000000001001
00000000000000000000000000001001
00000000000000000000000000001001
00000000000000000000000000001001
00000000000000000000000000001001
00000000000000000000000000001001
00000000000000000000000000001001
00000000000000000000000000001001
00000000000000000000000000001001
00000000000000000000000000001001
00000000000000000000000000001001
00000000000000000000000000001001
00000000000000000000000000001001
00000000000000000000000000001001
00000000000000000000000000001001
00000000000000000000000000001001
00000000000000000000000000001001
00000000000000000000000000001001
00000000000000000000000000001001
00000000000000000000000000001001
00000000000000000000000000001001
00000000000000000000000000001001
00000000000000000000000000001001
00000000000000000000000000001001
00000000000000000000000000001001
00000000000000000000000000001001
00000000000000000000000000001001
00000000000000000000000000001001
00000000000000000000000000001001
00000000000000000000000000001001
00000000000000000000000000001001
00000000000000000000000000001001
00000000000000000000000000001001
00000000000000000000000000001001
00000000000000000000000000001001
00000000000000000000000000001001
00000000000000000000000000001001
00000000000000000000000000001001
00000000000000000000000000001001
00000000000000000000000000001001
00000000000000000000000000001001
00000000000000000000000000001001
00000000000000000000000000001001
00000000000000000000000000001001
00000000000000000000000000001001
00000000000000000000000000001001
00000000000000000000000000001001
00000000000000000000000000001001
00000000000000000000000000001001
00000000000000000000000000001001
00000000000000000000000000001001
00000000000000000000000000001001
00000000000000000000000000001001
00000000000000000000000000001001
00000000000000000000000000001001
00000000000000000000000000001001
00000000000000000000000000001001
00000000000000000000000000001001
00000000000000000000000000001001
00000000000000000000000000001001
00000000000000000000000000001001
00000000000000000000000000001001
00000000000000000000000000001001
00000000000000000000000000001001
00000000000000000000000000001001
00000000000000000000000000001001
00000000000000000000000000001001
00000000000000000000000000001001
00000000000000000000000000001001
00000000000000000000000000001001
00000000000000000000000000001001
00000000000000000000000000001001
00000000000000000000000000001001
00000000000000000000000000001001
00000000000000000000000000001001
00000000000000000000000000001001
00000000000000000000000000001001
00000000000000000000000000001001
00000000000000000000000000001001
00000000000000000000000000001001
00000000000000000000000000001001
00000000000000000000000000001001
00000000000000000000000000001001
00000000000000000000000000001001
00000000000000000000000000001001
00000000000000000000000000001001
00000000000000000000000000001001
00000000000000000000000000001001
00000000000000000000000000001001
00000000000000000000000000001001
00000000000000000000000000001001
00000000000000000000000000001001
00000000000000000000000000001001
00000000000000000000000000001001
00000000000000000000000000001001
00000000000000000000000000001001
00000000000000000000000000001001
00000000000000000000000000001001
00000000000000000000000000001001
00000000000000000000000000001001
00000000000000000000000000001001
00000000000000000000000000001001
00000000000000000000000000001001
00000000000000000000000000001001
00000000000000000000000000001001
00000000000000000000000000001001
00000000000000000000000000001001
00000000000000000000000000001001
00000000000000000000000000001001
00000000000000000000000000001001
00000000000000000000000000001001
00000000000000000000000000001001
00000000000000000000000000001001
00000000000000000000000000001001
00000000000000000000000000001001
00000000000000000000000000001001
00000000000000000000000000001001
00000000000000000000000000001001
00000000000000000000000000001001
00000000000000000000000000001001
00000000000000000000000000001001
00000000000000000000000000001001
00000000000000000000000000001001
00000000000000000000000000001001
00000000000000000000000000001001
00000000000000000000000000001001
00000000000000000000000000001001
00000000000000000000000000001001
00000000000000000000000000001001
00000000000000000000000000001001
00000000000000000000000000001001
00000000000000000000000000001001
00000000000000000000000000001001
00000000000000000000000000001001
00000000000000000000000000001001
00000000000000000000000000001001
00000000000000000000000000001001
00000000000000000000000000001001
00000000000000000000000000001001
00000000000000000000000000001001
00000000000000000000000000001001
00000000000000000000000000001001
00000000000000000000000000001001
00000000000000000000000000001001
00000000000000000000000000001001
00000000000000000000000000001001
00000000000000000000000000001001
00000000000000000000000000001001
00000000000000000000000000001001
00000000000000000000000000001001
00000000000000000000000000001001
00000000000000000000000000001001
00000000000000000000000000001001
00000000000000000000000000001001
00000000000000000000000000001001
00000000000000000000000000001001
00000000000000000000000000001001
00000000000000000000000000001001
00000000000000000000000000001001
00000000000000000000000000001001
00000000000000000000000000001001
00000000000000000000000000001001
00000000000000000000000000001001
00000000000000000000000000001001
00000000000000000000000000001001
00000000000000000000000000001001
00000000000000000000000000001001
00000000000000000000000000001001
00000000000000000000000000001001
00000000000000000000000000001001
00000000000000000000000000001001
00000000000000000000000000001001
00000000000000000000000000001001
00000000000000000000000000001001
00000000000000000000000000001001
00000000000000000000000000001001
00000000000000000000000000001001
00000000000000000000000000001001
00000000000000000000000000001001
00000000000000000000000000001001
00000000000000000000000000001001
00000000000000000000000000001001
00000000000000000000000000001001
00000000000000000000000000001001
00000000000000000000000000001001
00000000000000000000000000001001
00000000000000000000000000001001
00000000000000000000000000001001
00000000000000000000000000001001
00000000000000000000000000001001
00000000000000000000000000001001
00000000000000000000000000001001
00000000000000000000000000001001
00000000000000000000000000001001
00000000000000000000000000001001
00000000000000000000000000001001
00000000000000000000000000001001
00000000000000000000000000001001
00000000000000000000000000001001
00000000000000000000000000001001
00000000000000000000000000001001
00000000000000000000000000001001
00000000000000000000000000001001
00000000000000000000000000001001
00000000000000000000000000001001
00000000000000000000000000001001
00000000000000000000000000001001
00000000000000000000000000001001
00000000000000000000000000001001
00000000000000000000000000001001
00000000000000000000000000001001
00000000000000000000000000001001
00000000000000000000000000001001
00000000000000000000000000001001
00000000000000000000000000001001
00000000000000000000000000001001
00000000000000000000000000001001
00000000000000000000000000001001
00000000000000000000000000001001
00000000000000000000000000001001
00000000000000000000000000001001
00000000000000000000000000001001
00000000000000000000000000001001
00000000000000000000000000001001
00000000000000000000000000001001
00000000000000000000000000001001
00000000000000000000000000001001
00000000000000000000000000001001
00000000000000000000000000001001
